0,392
0,391
0,390
0,389
0,388
0,387
0,386
0,385
29,3
29,2
29,1
29,0
28,4
28,3
28,2
28,1
28,0
0,384
0,319
0,318
27,4
27,3
27,2
27,1
27,0
0,317
0,316
26,4
26,3
26,2
0,283
0,243
26,1
26,0
25,3
25,2
0,9
25,1
25,0
24,52
24,51
24,50
24,49
24,48
24,47
24,46
24,45
24,44
24,43
24,42
24,41
24,40
24,39
24,38
24,37
24,36
24,35
3,1
3,3
10,165
10,205
10,191
10,229
10,87
10,197
10,127
11,17
11,19
11,9
9,7
8,17
8,8
8,14
8,16
8,7
20,3
20,2
20,1
19,3
19,2
19,1
12,3
12,2
12,1
11,30
11,29
11,28
11,27
11,26
11,25
11,24
11,23
